mjd=60516.7543549127
dev_args=
rf_gain=20
if_gain=25
bb_gain=18
frequency=1420405751.768
bandwidth=2400000.0
channels=2048
t_sample=1
duration=16.0
loc=51 -114 1420
ra_dec=8.400562654567317 -3.758585306369165
az_alt=150.0 31.0