mjd=60516.75959384783
dev_args=
rf_gain=20
if_gain=25
bb_gain=18
frequency=1420405751.768
bandwidth=2400000.0
channels=2048
t_sample=1
duration=10.0
loc=51 -114 1420
ra_dec=8.5115114941137 -4.021626773850825
az_alt=151.0 31.0