mjd=60519.1791252588
dev_args=
rf_gain=20
if_gain=25
bb_gain=18
frequency=1420405751.768
bandwidth=2400000.0
channels=2048
t_sample=1
duration=124.0
loc=51 -114 1420
ra_dec=15.256605307457383 -9.435709584242975
az_alt=210.0 25.0