mjd=60516.05419976404
dev_args=
rf_gain=20
if_gain=25
bb_gain=18
frequency=1420405751.768
bandwidth=2400000.0
channels=2048
t_sample=1
duration=28.0
loc=51 -114 1420
ra_dec=10.430149561240697 43.994680007797214
az_alt=279.0 55.0