mjd=60541.17023625715
dev_args=
rf_gain=20
if_gain=25
bb_gain=18
frequency=1420405751.768
bandwidth=2400000.0
channels=2048
t_sample=1
duration=304.0
loc=51.1014 -114.1808 1120.0
ra_dec=22.265740349868775 7.5920122296404875
az_alt=110.0 25.0