mjd=60541.15322310412
dev_args=
rf_gain=20
if_gain=25
bb_gain=18
frequency=1420405751.768
bandwidth=2400000.0
channels=2048
t_sample=1
duration=304.0
loc=51.1014 -114.1808 1120.0
ra_dec=18.297892252438906 15.423197299748653
az_alt=170.0 54.0