mjd=60515.979625657026
dev_args=
rf_gain=20
if_gain=25
bb_gain=18
frequency=1420405751.768
bandwidth=2400000.0
channels=2048
t_sample=1
duration=14.0
loc=51 -114 1420
ra_dec=7.0365502333027 50.04869026811447
az_alt=300.0 44.0