mjd=60515.97790019405
dev_args=
rf_gain=20
if_gain=25
bb_gain=18
frequency=1420405751.768
bandwidth=2400000.0
channels=2048
t_sample=1
duration=9.0
loc=51 -114 1420
ra_dec=22.181541396595154 70.16313211376276
az_alt=11.0 33.0