mjd=60512.81788917509
dev_args=
rf_gain=20
if_gain=25
bb_gain=18
frequency=1420405751.768
bandwidth=2400000.0
channels=2048
t_sample=1
duration=10.0
loc=51 -114 1420
ra_dec=21.01348753097966 50.06130658806737
az_alt=350.0 12.0