mjd=60519.18938646215
dev_args=
rf_gain=20
if_gain=25
bb_gain=18
frequency=1420405751.768
bandwidth=2400000.0
channels=2048
t_sample=1
duration=34.0
loc=51 -114 1420
ra_dec=17.302430337360448 -13.973444104114337
az_alt=180.0 25.0