mjd=60523.261890033835
dev_args=
rf_gain=20
if_gain=25
bb_gain=18
frequency=1420405751.768
bandwidth=2400000.0
channels=2048
t_sample=1
duration=304.0
loc=51 -114 1420
ra_dec=22.319619861286625 -6.689027071586409
az_alt=130.0 20.0