mjd=60516.782811347926
dev_args=
rf_gain=20
if_gain=25
bb_gain=18
frequency=1420405751.768
bandwidth=2400000.0
channels=2048
t_sample=1
duration=10.0
loc=51 -114 1420
ra_dec=11.448004312914911 4.837960200494438
az_alt=111.0 22.0