mjd=60523.268934918655
dev_args=
rf_gain=20
if_gain=25
bb_gain=18
frequency=1420405751.768
bandwidth=2400000.0
channels=2048
t_sample=1
duration=304.0
loc=51 -114 1420
ra_dec=15.626025711163932 0.9894300874761636
az_alt=245.0 20.0